-3.2195060807363776E11, -6.8500495986038284E10, 2.9845177815019927E30
3.210604860714126E10, 2.8367717440488916E11, 2.9835785052650687E30
-5.9925599330230255E10, 2.49549208497779E11, 2.984554938764621E30
2.6730142242597147E11, 1.976295272266192E11, 1.9886396472114025E30
2.689311952509616E11, 1.205668329753882E11, 9.934962050260443E29
-1.6346699898264758E11, -2.1083843561533496E11, 1.9892205604757882E30
3.126943136104011E11, -1.4855848457418286E11, 2.9837315047969734E30
-5.681414841083888E10, 2.5334605848580087E11, 2.980332489220273E30
-1.3368682037758865E10, -3.0393345119483484E11, 9.935556353501347E29
-1.1510256597060056E11, 2.9119543916724774E11, 1.988238970601627E30
2.687784931860529E11, -1.6655703663763068E11, 1.9897667374859689E30
1.415838853407307E11, -2.760661874602724E11, 9.949165113911459E29
-3.179946673444997E11, -1.7723171378433502E10, 1.98996981675899E30
-1.8784457849417636E11, -1.8595710542580875E11, 2.979983487237495E30
-2.428556202335234E11, 6.101587474115946E10, 2.983177655842356E30
-2.056475738293951E11, -2.4916300494190805E11, 2.9818271751017585E30
1.2938377002195244E11, -2.6909235152943585E11, 1.9866298187724727E30
2.8804760292169446E11, -3.913202836823033E10, 1.9873236593446233E30
-3.11105592407047E11, -1.457436753101344E11, 2.982792081002904E30
2.7402734193959348E11, 2.71276597368816E10, 9.940985795202181E29
4.2281644608159785E9, -3.2120671186770734E11, 9.948241619177519E29
3.734136176629115E10, -2.9403105002219464E11, 9.952424235047801E29
2.7331019669821487E11, -3.8714519019366937E9, 2.9809848559028755E30
-2.6824847497457587E11, -2.2368454209281915E11, 1.987303699386304E30
-2.708741124866547E11, 2.0843164323716037E11, 2.9821938897560973E30
-2.4194703314478864E11, -1.1950602236512003E11, 9.951664215729036E29
-1.845249213547844E11, -2.3787640875913742E11, 2.9799543605035615E30
-8.599511400267505E10, -3.256290253802413E11, 2.983041009805268E30
2.2387445094546686E11, 2.104529790275348E11, 2.9836843536739106E30
-1.5522991778353546E11, 2.876936655084457E11, 1.9895329490062802E30
-1.5820977401792776E11, -2.2911979422771616E11, 9.946263072168654E29
3.3468636336254083E11, -1.1326167250451275E10, 9.939285339174618E29
1.1328914329690225E11, 2.2775731188705283E11, 9.942581250910564E29
1.6210768672829764E11, 2.317321191104637E11, 1.9891925013457163E30
2.0284162455530286E11, -1.6472631602751074E11, 9.940932074038503E29
-9.284367460604486E10, 2.5529568690435272E11, 1.988993122299659E30
3.015040747867145E11, 1.2194578217291093E11, 9.941254825272357E29
2.0294215356696213E10, 3.381123398533779E11, 9.943166488407184E29
1.2553097896102579E11, 2.5070962959740906E11, 1.9883268890508608E30
-1.492349409032121E11, -2.4736210884011685E11, 9.937289613856038E29
6.623655963705172E11, 2.070988542606717E11, 9.938866333276485E29
2.761564042525568E11, -5.976796034673845E11, 9.945352438267452E29
-6.585008731172107E11, 5.55760037502754E10, 9.93284372880996E29
6.120842873172134E11, -2.6594474849405014E11, 2.980605178837238E30
-1.5414204738450262E11, 6.783757534250466E11, 1.9888742081989705E30
-5.241121617323347E11, -4.610864811200025E11, 1.9875245811417688E30
-2.7867305950389136E11, 6.220066890613312E11, 2.9838672003229666E30
-6.512927930657638E11, 1.2620846544984734E11, 1.9897308959120602E30
4.619828161462654E11, 4.655473167556365E11, 9.934089214588863E29
5.4691048169677014E11, -4.0150422248855E11, 9.945393933392129E29
-5.954280770716721E11, 3.183615152638482E11, 9.94973169259927E29
4.335885208262645E11, -5.302914018987411E11, 1.989678295893009E30
-1.5566239992898062E10, 6.707051654764111E11, 1.9877300246250698E30
-9.766494805329643E10, 6.843089485312776E11, 2.9850400638112815E30
-3.259289141480624E11, 6.058457718344553E11, 2.980619674915277E30
-6.729772785330884E11, 2.4151914172562042E10, 9.947139028206468E29
6.187420360694769E11, -2.0895876412537E11, 2.9840990981290223E30
3.974202634584471E10, 6.821842021167013E11, 2.980492643686471E30
-3.3463388530167316E11, 5.581117798024115E11, 2.981332101872118E30
6.983394010697291E11, -4.4084279093094536E10, 1.9867752321315407E30
8.459507530899828E11, 6.332267730409045E11, 1.9899892747194236E30
-9.635955191843226E11, -3.435437512885848E11, 1.9872233704416677E30
2.5404479232820087E11, -1.0607377484200315E12, 9.93450780067732E29
6.641389850334009E11, 7.489970139510537E11, 2.984956251835117E30
-3.742054693928588E11, 9.671102484429193E11, 2.985230570538154E30
5.0015255037783746E11, 9.120423714497947E11, 9.935741621756354E29
-9.55744095865958E11, 3.80123019268495E11, 9.938437660306848E29
2.066615447876106E11, 1.0730099428755072E12, 9.946056135708686E29
9.796278353913032E11, 2.8825740528650214E11, 2.98406497013387E30
1.0302472717631471E12, 1.7819653873539196E10, 9.951767148321622E29
-3.773942100902476E11, 1.0138357749796464E12, 1.9894328480395265E30
-4.8477394615442474E11, 8.806258951311626E11, 9.948342120692903E29
9.669175274139242E11, -4.349463519137667E11, 9.951622657093827E29
-8.513166143009585E11, 6.906775701417354E11, 9.94515184492956E29
1.078220358726908E12, 5.247422967324904E10, 1.9902281065068032E30
-1.0264285902158491E12, -1.3810225527399193E10, 9.938128569399512E29
1.0071503998979495E12, 1.2488649844138692E11, 9.943033968014165E29
-7.460228193237453E10, -1.0860784010472363E12, 2.98043216777787E30
-2.1388333656751352E11, 9.88372717241952E11, 2.9831547263331064E30
-3.3143119531381665E11, 1.000394427006668E12, 2.9807683435013156E30
1.410882521107703E11, 1.0562174443945823E12, 2.9812595767537575E30
-4.575690589832484E11, -9.444013011806743E11, 1.9902636478561797E30
8.201374730907124E11, -5.948359459023312E11, 9.95162731157981E29
1.0242412435409486E12, -3.330798233001774E11, 2.9827045473219365E30
9.95758654888039E11, 4.663606207561037E11, 1.989280355189822E30
-8.578212107312017E11, 5.469062469832986E11, 1.989844332095726E30
-3.5126272208279407E11, -9.858546399294791E11, 2.9835938109328253E30
2.916713870771818E11, -9.905905771815927E11, 9.935956737971267E29
-4.875781794587878E11, 9.231215905726057E11, 2.981558079623016E30
-2.4681095968858105E10, 1.0072908712711498E12, 9.941894977627138E29
-7.744877546751752E9, -1.0247544453696587E12, 9.950548843774369E29
-1.679947283987303E11, -1.0376148981803365E12, 2.9848068462571915E30
-1.0681187988096464E12, 4.417686718843715E10, 2.982780170549329E30
2.4922365355936893E11, 1.0574083712238613E12, 2.9829652206987184E30
-8.159209272249586E11, 6.973929614245503E11, 1.9883620847419552E30
-8.392353638384761E10, -1.0058367149057589E12, 1.987872110237194E30
-9.493919040673638E11, 5.233403935113273E11, 1.9895754528221013E30
1.0632696053626925E12, 2.1071363458467327E10, 1.9893076197552187E30
-4.004004721754565E11, -9.938617168404734E11, 2.9842454045100824E30
6.67303639546209E11, -7.484724544983048E11, 1.987868953938213E30
